You are playing: ruby collector
You won this match
Your game win count:       30
Opponent game win count:    0
Put the 4 lines between the """ characters in a file to watch a replay
You are the red player in the closest scoring round replay from this match:
"""
20
1615186720073
3,0,4,4,4,5,2,2,4,4,4,5,2,2,4,4,5,1,1,4,4,5,1,4,5,3,3,3,0,0,0,1,1,1,4,4,5,3,1,4,4,5,1,4,4,5,1,4,4,5,3,4,4,5,2,2,0,0,0,0,0,0,3,3,1,1,4,4,4,5,3,1,1,4,4,4,5,3,1,1,1,4,5,2,2,4,4,5,1,4,4,5,2,2,0,0,0,0,0,0,0,0,2,1,1,1,1,2,2,2,1,1,8,8,8,8,8,8,8,8,3,3,4,4,5,3,3,3,3,3,3,3,4,4,4,5,2,1,4,5,1,4,5,1,4,4,5,3,3,0,0,0,0,0,0,0,0,0,2,2,1,1,1,1,4,5,1,4,5,2,4,4,5,0,4,5,2,4,5,3,3,3,3,0,0,0,0,2,2,2,2,1,1,1,4,5,2,4,5,2,4,5,2,4,5,1,4,5,3,3,3,3,3,3,3,0,0,0,0,2,2,2,2,1,1,1,1,1,1,8,8,8,8,8,8,8,8,3,1,4,5,1,4,5,1,4,5,1,4,4,5,3,1,4,4,5,2,2,2,2,2,2,2,2,0,3,4,4,5,3,0,4,5,3,4,5,3,4,5,3,4,4,5,2,2,2,2,2,1,1,0,0,0,4,5,3,4,5,3,4,5,0,4,5,0,4,4,5,2,2,1,1,1,1,1
3,4,4,5,3,1,4,4,4,5,3,4,4,5,2,2,2,0,0,4,4,4,5,0,4,4,4,5,2,4,4,4,5,3,1,1,3,3,0,4,4,5,3,4,4,5,0,4,4,4,5,2,2,2,1,1,3,3,3,3,4,4,5,3,4,4,5,3,4,4,5,2,2,2,2,2,2,3,3,3,3,1,4,5,3,4,5,3,4,4,5,2,2,2,2,2,2,0,3,3,3,3,3,0,4,4,5,0,4,4,5,3,3,3,3,1,1,1,1,1,4,5,3,1,1,2,2,2,2,2,1,8,8,8,8,8,8,8,8,8,8,8,8,8,8,8,8,8,8,8,8,8,8,8,8,8,8,8,8,8,8,8,8,8,8,8,8,8,8,8,8,8,8,8,8,8,8,8,8,8,8,8,8,8,8,8,8,8,8,8,8,8,8,8,8,8,8,8,8,8,8,8,8,8,8,8,8,8,8,8,8,8,8,8,8,8,8,8,8,8,8,8,8,8,8,8,8,8,8,8,8,8,8,8,8,8,8,8,8,8,8,8,8,8,8,8,8,8,8,8,8,8,8,8,8,8,8,8,8,8,8,8,8,8,8,8,8,8,8,8,8,8,8,8,8,8,8,8,8,8,8,8,8,8,8,8,8,8,8,8,8,8,8,8,8,8,8,8,8,8,8,8,8,8,8,8,8,8,8,8,8,8,8,8,8
"""

You are playing: >:) Bot
You won this match
Your game win count:       16
Opponent game win count:   14
Put the 4 lines between the """ characters in a file to watch a replay
You are the blue player in the closest scoring round replay from this match:
"""
28
1615186781740
1,4,4,5,3,3,4,4,4,5,3,4,4,4,5,1,3,4,4,4,5,3,4,4,5,0,0,2,2,2,2,2,2,4,4,5,2,4,4,5,0,2,4,4,5,2,2,4,4,5,2,4,4,5,1,3,3,3,3,3,3,0,0,0,4,4,4,5,1,3,4,4,4,5,1,1,1,1,1,1,4,4,5,1,1,4,4,5,3,3,4,4,5,0,0,0,0,0,0,2,2,2,1,1,2,4,4,5,1,1,4,5,1,4,4,5,1,4,5,2,4,4,4,5,0,0,0,0,0,0,1,1,1,1,1,1,1,2,2,2,2,2,2,2,2,2,2,2,2,2,2,2,2,2,2,2,2,2,2,2,2,2,2,2,2,2,2,2,2,2,2,2,2,2,2,2,2,2,2,2,2,2,2,2,2,2,2,2,2,2,2,2,2,2,2,2,2,2,2,2,2,2,2,2,2,2,2,2,2,2,2,2,2,2,2,2,2,2,2,2,2,2,2,2,2,2,2,2,2,2,2,2,2,2,2,2,2,2,2,2,2,2,2,2,2,2,2,2,2,2,2,2,2,2,2,2,2,2,2,2,2,2,2,2,2,2,2,2,2,2,2,2,2,2,2,2,2,2,2,2,2,2,2,2,2,2,2,2,2,2,2,2,2,2,2,2,2,2,2,2,2,2,2,2,2,2,2,2,2,2,2,2,2,2,2,2,2,2,2,2,2,2,2,2,2,2,2,2,2,2,2,2,2,2,2,2,2,2,2,2,2,2,2,2,2,2,2,2,2,2,2,2,2,2,2,2,2,2,2,2,2,2,2,2,2,2,2,2,2,2,2,2,2,2,2,2,2,2,2,2,2,2,2,2,2,2,2,2,2,2,2,2,2,2,2,2,2,2,2,2,2,2,2,2,2,2,2,2,2,2,2,2,2,2,2,2,2,2,2,2,2,2,2,2,2,2,2,2,2,2,2,2,2,2,2,2,2,2,2,2,2,2,2,2,2,2,2,2,2,2,2,2,2,2,2,2,2,2,2,2,2,2,2,2,2,2,2,2,2,2,2,2,2,2,2,2,2,2,2,2,2,2,2,2,2,2,2,2,2,2,2,2,2,2,2,2,2,2,2,2,2,2,2,2,2,2,2,2,2,2,2,2,2,2,2,2,2,2,2,2,2,2,2,2,2,2,2,2,2,2,2,2,2,2,2,2,2,2,2,2,2,2,2,2,2,2,2,2,2,2,2,2,2,2,2,2,2,2,2,2,2,2,2,2,2,2,2,2,2,2,2,2,2,2,2,2,2,2,2,2,2,2,2,2,2,2,2,2,2,2,2,2,2,2,2,2,2,2,2,2,2,2,2,2,2,2,2,2,2,2,2,2,2,2,2,2,2,2,2,2,2,2,2,2,2,2,2,2,2,2,2,2,2,2,2,2,2,2,2,2,2,2,2,2,2,2,2,2,2,2,2,2,2,2,2,2,2,2,2,2,2,2,2,2,2,2,2,2,2,2,2,2,2,2,2,2,2,2,2,2,2,2,2,2,2,2,2,2,2,2,2,2,2,2,2,2,2,2,2,2,2,2,2,2,2,2,2,2,2,2,2,2,2,2,2,2,2,2,2,2,2,2,2,2,2,2,2,2,2,2,2,2,2,2,2,2,2,2,2,2,2,2,2,2,2,2,2,2,2,2,2,2,2,2,2,2,2,2,2,2,2,2,2,2,2,2,2,2,2,2,2,2,2,2,2,2,2,2,2,2,2,2,2,2,2,2,2,2,2,2,2,2,2,2,2,2,2,2,2,2,2,2,2,2,2,2,2,2,2,2,2,2,2,2,2,2,2,2,2,2,2,2,2,2,2,2,2,2,2,2,2,2,2,2,2,2,2,2,2,2,2,2,2,2,2,2,2,2,2,2,2,2,2,2,2,2,2,2,2,2,2,2,2,2,2,2,2,2,2,2,2,2,2,2,2,2,2,2,2,2,2,2,2,2,2,2,2,2,2,2,2,2,2,2,2,2,2,2,2,2,2,2,2,2,2,2,2,2,2,2,2,2,2,2,2,2,2,2,2,2,2,2,2,2,2,2,2,2,2,2,2,2,2,2,2,2,2,2,2,2,2,2,2,2,2,2,2,2,2,2,2,2,2,2,2,2,2,2,2,2,2,2,2,2,2,2,2,2,2,2,2,2,2,2,2,2,2,2,2,2,2,2,2,2,2,2,2,2,2,2,2,2,2,2,2,2,2,2,2,2
1,4,4,4,5,0,0,4,4,5,0,4,4,4,5,0,0,4,4,4,5,3,3,3,3,4,4,4,5,2,2,2,2,1,1,1,1,0,3,3,3,4,4,5,3,3,4,4,5,3,1,4,4,5,1,4,5,3,4,5,2,2,2,2,2,2,2,0,0,2,2,2,4,4,4,5,3,1,1,4,4,4,5,1,1,4,4,5,3,4,4,4,5,1,4,4,5,3,0,0,0,0,0,3,3,3,3,1,4,4,5,0,0,3,3,3,1,1,1,1,1,1,1,1,1,8,8,8,8,8,8,8,8,3,3,3,3,4,4,5,3,3,3,3,3,3,3,3,3,3,3,3,3,3,3,3,3,3,3,3,3,3,3,3,3,3,3,3,3,3,3,3,3,3,3,3,3,3,3,3,3,3,3,3,3,3,3,3,3,3,3,3,3,3,3,3,3,3,3,3,3,3,3,3,3,3,3,3,3,3,3,3,3,3,3,3,3,3,3,3,3,3,3,3,3,3,3,3,3,3,3,3,3,3,3,3,3,3,3,3,3,3,3,3,3,3,3,3,3,3,3,3,3,3,3,3,3,3,3,3,3,3,3,3,3,3,3,3,3,3,3,3,3,3,3,3,3,3,3,3,3,3,3,3,3,3,3,3,3,3,3,3,3,3,3,3,3,3,3,3,3,3,3,3,3,3,3,3,3,3,3,3,3,3,3,3,3,3,3,3,3,3,3,3,3,3,3,3,3,3,3,3,3,3,3,3,3,3,3,3,3,3,3,3,3,3,3,3,3,3,3,3,3,3,3,3,3,3,3,3,3,3,3,3,3,3,3,3,3,3,3,3,3,3,3,3,3,3,3,3,3,3,3,3,3,3,3,3,3,3,3,3,3,3,3,3,3,3,3,3,3,3,3,3,3,3,3,3,3,3,3,3,3,3,3,3,3,3,3,3,3,3,3,3,3,3,3,3,3,3,3,3,3,3,3,3,3,3,3,3,3,3,3,3,3,3,3,3,3,3,3,3,3,3,3,3,3,3,3,3,3,3,3,3,3,3,3,3,3,3,3,3,3,3,3,3,3,3,3,3,3,3,3,3,3,3,3,3,3,3,3,3,3,3,3,3,3,3,3,3,3,3,3,3,3,3,3,3,3,3,3,3,3,3,3,3,3,3,3,3,3,3,3,3,3,3,3,3,3,3,3,3,3,3,3,3,3,3,3,3,3,3,3,3,3,3,3,3,3,3,3,3,3,3,3,3,3,3,3,3,3,3,3,3,3,3,3,3,3,3,3,3,3,3,3,3,3,3,3,3,3,3,3,3,3,3,3,3,3,3,3,3,3,3,3,3,3,3,3,3,3,3,3,3,3,3,3,3,3,3,3,3,3,3,3,3,3,3,3,3,3,3,3,3,3,3,3,3,3,3,3,3,3,3,3,3,3,3,3,3,3,3,3,3,3,3,3,3,3,3,3,3,3,3,3,3,3,3,3,3,3,3,3,3,3,3,3,3,3,3,3,3,3,3,3,3,3,3,3,3,3,3,3,3,3,3,3,3,3,3,3,3,3,3,3,3,3,3,3,3,3,3,3,3,3,3,3,3,3,3,3,3,3,3,3,3,3,3,3,3,3,3,3,3,3,3,3,3,3,3,3,3,3,3,3,3,3,3,3,3,3,3,3,3,3,3,3,3,3,3,3,3,3,3,3,3,3,3,3,3,3,3,3,3,3,3,3,3,3,3,3,3,3,3,3,3,3,3,3,3,3,3,3,3,3,3,3,3,3,3,3,3,3,3,3,3,3,3,3,3,3,3,3,3,3,3,3,3,3,3,3,3,3,3,3,3,3,3,3,3,3,3,3,3,3,3,3,3,3,3,3,3,3,3,3,3,3,3,3,3,3,3,3,3,3,3,3,3,3,3,3,3,3,3,3,3,3,3,3,3,3,3,3,3,3,3,3,3,3,3,3,3,3,3,3,3,3,3,3,3,3,3,3,3,3,3,3,3,3,3,3,3,3,3,3,3,3,3,3,3,3,3,3,3,3,3,3,3,3,3,3,3,3,3,3,3,3,3,3,3,3,3,3,3,3,3,3,3,3,3,3,3,3,3,3,3,3,3,3,3,3,3,3,3,3,3,3,3,3,3,3,3,3,3,3,3,3,3,3,3,3,3,3,3,3,3,3,3,3,3,3,3,3,3,3,3,3,3,3,3,3,3,3,3,3,3,3,3,3,3,3,3,3,3,3,3,3,3,3,3
"""

You are playing: Are ya winnin' son?
You lost this match
Your game win count:       14
Opponent game win count:   16
Put the 4 lines between the """ characters in a file to watch a replay
You are the blue player in the closest scoring round replay from this match:
"""
24
1615186846066
0,4,4,4,5,0,4,4,4,5,2,4,4,4,5,2,0,4,4,5,2,1,4,4,5,3,3,3,1,1,1,4,5,3,3,3,4,4,4,5,2,1,1,4,5,1,1,4,5,2,4,5,2,0,0,0,0,0,3,3,0,4,4,4,5,3,1,1,1,1,1,4,4,4,5,2,4,4,5,1,1,4,4,5,1,1,4,4,5,2,2,0,0,0,0,0,0,0,0,1,1,4,4,5,2,2,2,4,5,2,4,4,5,1,4,5,1,4,5,3,3,3,3,0,0,0,0,2,2,2,2,2,1,1,1,1,1,1,8,8,8,8,8,8,8,8,8,3,3,3,4,4,4,5,3,4,5,1,4,5,3,4,4,5,3,4,4,5,2,2,2,2,2,2,2,2,2,2,2,2,2,2,2,2,2,2,2,2,2,2,2,2,2,2,2,2,2,2,2,2,2,2,2,2,2,2,2,2,2,2,2,2,2,2,2,2,2,2,2,2,2,2,2,2,2,2,2,2,2,2,2,2,2,2,2,2,2,2,2,2,2,2,2,2,2,2,2,2,2,2,2,2,2,2,2,2,2,2,2,2,2,2,2,2,2,2,2,2,2,2,2,2,2,2,2,2,2,2,2,2,2,2,2,2,2,2,2,2,2,2,2,2,2,2,2,2,2,2,2,2,2,2,2,2,2,2,2,2,2,2,2,2,2,2,2,2,2,2,2,2,2,2,2,2,2,2,2,2,2,2,2,2,2,2,2,2,2,2,2,2,2,2,2,2,2,2,2,2,2,2,2,2,2,2,2,2,2,2,2,2,2,2,2,2,2,2,2,2,2,2,2,2,2,2,2,2,2,2,2,2,2,2,2,2,2,2,2,2,2,2,2,2,2,2,2,2,2,2,2,2,2,2,2,2,2,2,2,2,2,2,2,2,2,2,2,2,2,2,2,2,2,2,2,2,2,2,2,2,2,2,2,2,2,2,2,2,2,2,2,2,2,2,2,2,2,2,2,2,2,2,2,2,2,2,2,2,2,2,2,2,2,2,2,2,2,2,2,2,2,2,2,2,2,2,2,2,2,2,2,2,2,2,2,2,2,2,2,2,2,2,2,2,2,2,2,2,2,2,2,2,2,2,2,2,2,2,2,2,2,2,2,2,2,2,2,2,2,2,2,2,2,2,2,2,2,2,2,2,2,2,2,2,2,2,2,2,2,2,2,2,2,2,2,2,2,2,2,2,2,2,2,2,2,2,2,2,2,2,2,2,2,2,2,2,2,2,2,2,2,2,2,2,2,2,2,2,2,2,2,2,2,2,2,2,2,2,2,2,2,2,2,2,2,2,2,2,2,2,2,2,2,2,2,2,2,2,2,2,2,2,2,2,2,2,2,2,2,2,2,2,2,2,2,2,2,2,2,2,2,2,2,2,2,2,2,2,2,2,2,2,2,2,2,2,2,2,2,2,2,2,2,2,2,2,2,2,2,2,2,2,2,2,2,2,2,2,2,2,2,2,2,2,2,2,2,2,2,2,2,2,2,2,2,2,2,2,2,2,2,2,2,2,2,2,2,2,2,2,2,2,2,2,2,2,2,2,2,2,2,2,2,2,2,2,2,2,2,2,2,2,2,2,2,2,2,2,2,2,2,2,2,2,2,2,2,2,2,2,2,2,2,2,2,2,2,2,2,2,2,2,2,2,2,2,2,2,2,2,2,2,2,2,2,2,2,2,2,2,2,2,2,2,2,2,2,2,2,2,2,2,2,2,2,2,2,2,2,2,2,2,2,2,2,2,2,2,2,2,2,2,2,2,2,2,2,2,2,2,2,2,2,2,2,2,2,2,2,2,2,2,2,2,2,2,2,2,2,2,2,2,2,2,2,2,2,2,2,2,2,2,2,2,2,2,2,2,2,2,2,2,2,2,2,2,2,2,2,2,2,2,2,2,2,2,2,2,2,2,2,2,2,2,2,2,2,2,2,2,2,2,2,2,2,2,2,2,2,2,2,2,2,2,2,2,2,2,2,2,2,2,2,2,2,2,2,2,2,2,2,2,2,2,2,2,2,2,2,2,2,2,2,2,2,2,2,2,2,2,2,2,2,2,2,2,2,2,2,2,2,2,2,2,2,2,2,2,2,2,2,2,2,2,2,2,2,2,2,2,2,2,2,2,2,2,2,2,2,2,2,2,2,2,2,2,2,2,2,2,2,2,2,2,2,2,2,2,2,2,2,2,2,2,2,2,2,2,2,2,2,2
1,4,4,5,3,3,4,4,5,0,4,4,5,2,0,4,4,5,3,3,0,4,4,5,2,2,2,1,1,0,2,0,4,4,4,5,3,3,3,0,4,4,4,5,3,4,4,4,5,0,4,4,4,5,3,4,4,4,5,2,2,2,2,1,1,1,1,0,3,1,1,1,4,4,5,3,3,4,5,1,4,5,3,4,4,5,3,4,5,2,2,2,2,2,0,0,0,0,1,1,1,1,4,4,5,1,4,4,5,3,4,4,5,3,4,4,5,3,4,5,2,2,2,0,0,0,0,0,3,3,3,3,3,3,1,1,1,1,1,1,1,8,8,8,8,8,8,8,8,8,3,3,3,4,5,1,4,5,3,4,5,3,3,3,3,3,3,3,3,3,3,3,3,3,3,3,3,3,3,3,3,3,3,3,3,3,3,3,3,3,3,3,3,3,3,3,3,3,3,3,3,3,3,3,3,3,3,3,3,3,3,3,3,3,3,3,3,3,3,3,3,3,3,3,3,3,3,3,3,3,3,3,3,3,3,3,3,3,3,3,3,3,3,3,3,3,3,3,3,3,3,3,3,3,3,3,3,3,3,3,3,3,3,3,3,3,3,3,3,3,3,3,3,3,3,3,3,3,3,3,3,3,3,3,3,3,3,3,3,3,3,3,3,3,3,3,3,3,3,3,3,3,3,3,3,3,3,3,3,3,3,3,3,3,3,3,3,3,3,3,3,3,3,3,3,3,3,3,3,3,3,3,3,3,3,3,3,3,3,3,3,3,3,3,3,3,3,3,3,3,3,3,3,3,3,3,3,3,3,3,3,3,3,3,3,3,3,3,3,3,3,3,3,3,3,3,3,3,3,3,3,3,3,3,3,3,3,3,3,3,3,3,3,3,3,3,3,3,3,3,3,3,3,3,3,3,3,3,3,3,3,3,3,3,3,3,3,3,3,3,3,3,3,3,3,3,3,3,3,3,3,3,3,3,3,3,3,3,3,3,3,3,3,3,3,3,3,3,3,3,3,3,3,3,3,3,3,3,3,3,3,3,3,3,3,3,3,3,3,3,3,3,3,3,3,3,3,3,3,3,3,3,3,3,3,3,3,3,3,3,3,3,3,3,3,3,3,3,3,3,3,3,3,3,3,3,3,3,3,3,3,3,3,3,3,3,3,3,3,3,3,3,3,3,3,3,3,3,3,3,3,3,3,3,3,3,3,3,3,3,3,3,3,3,3,3,3,3,3,3,3,3,3,3,3,3,3,3,3,3,3,3,3,3,3,3,3,3,3,3,3,3,3,3,3,3,3,3,3,3,3,3,3,3,3,3,3,3,3,3,3,3,3,3,3,3,3,3,3,3,3,3,3,3,3,3,3,3,3,3,3,3,3,3,3,3,3,3,3,3,3,3,3,3,3,3,3,3,3,3,3,3,3,3,3,3,3,3,3,3,3,3,3,3,3,3,3,3,3,3,3,3,3,3,3,3,3,3,3,3,3,3,3,3,3,3,3,3,3,3,3,3,3,3,3,3,3,3,3,3,3,3,3,3,3,3,3,3,3,3,3,3,3,3,3,3,3,3,3,3,3,3,3,3,3,3,3,3,3,3,3,3,3,3,3,3,3,3,3,3,3,3,3,3,3,3,3,3,3,3,3,3,3,3,3,3,3,3,3,3,3,3,3,3,3,3,3,3,3,3,3,3,3,3,3,3,3,3,3,3,3,3,3,3,3,3,3,3,3,3,3,3,3,3,3,3,3,3,3,3,3,3,3,3,3,3,3,3,3,3,3,3,3,3,3,3,3,3,3,3,3,3,3,3,3,3,3,3,3,3,3,3,3,3,3,3,3,3,3,3,3,3,3,3,3,3,3,3,3,3,3,3,3,3,3,3,3,3,3,3,3,3,3,3,3,3,3,3,3,3,3,3,3,3,3,3,3,3,3,3,3,3,3,3,3,3,3,3,3,3,3,3,3,3,3,3,3,3,3,3,3,3,3,3,3,3,3,3,3,3,3,3,3,3,3,3,3,3,3,3,3,3,3,3,3,3,3,3,3,3,3,3,3,3,3,3,3,3,3,3,3,3,3,3,3,3,3,3,3,3,3,3,3,3,3,3,3,3,3,3,3,3,3,3,3,3,3,3,3,3,3,3,3,3,3,3,3,3,3,3,3,3,3,3,3,3,3,3,3,3,3,3,3,3,3,3,3,3,3,3,3,3,3,3,3,3,3,3,3,3,3,3,3,3,3,3,3,3,3,3
"""

You are playing: RP_Strategy
You won this match
Your game win count:       19
Opponent game win count:   11
Put the 4 lines between the """ characters in a file to watch a replay
You are the red player in the closest scoring round replay from this match:
"""
20
1615186948373
1,4,4,5,1,4,4,5,2,4,4,5,1,4,4,5,2,4,5,3,3,0,0,0,0,2,1,1,4,5,2,4,4,5,1,4,5,2,4,5,1,4,5,3,3,3,0,0,0,0,3,3,1,1,4,4,4,5,1,1,4,4,4,5,3,4,4,4,5,1,4,5,2,1,4,4,5,2,2,0,0,0,0,0,0,2,2,2,1,1,4,5,2,4,5,1,4,5,1,4,5,2,0,4,4,4,5,3,3,3,3,3,0,0,0,2,2,2,2,1,1,1,1,1,1,8,8,8,8,8,8,8,8,3,3,4,4,5,3,4,5,3,4,4,5,1,4,4,5,3,4,4,5,2,0,0,0,0,0,0,0,2,2,2,2,0,0,4,4,4,5,0,4,4,4,5,2,4,4,4,5,1,4,4,4,5,2,1,1,1,1,1,1,1,1,2,1,4,5,3,3,3,3,3,3,3,3,3,3,3,3,3,3,3,3,3,3,3,3,3,3,3,3,3,3,3,3,3,3,3,3,3,3,3,3,3,3,3,3,3,3,3,3,3,3,3,3,3,3,3,3,3,3,3,3,3,3,3,3,3,3,3,3,3,3,3,3,3,3,3,3,3,3,3,3,3,3,3,3,3,3,3,3,3,3,3,3,3,3,3,3,3,3,3,3,3,3,3,3,3,3,3,3,3,3,3,3,3,3,3,3,3,3,3,3,3,3,3,3,3,3,3,3,3,3,3,3,3,3,3,3,3,3,3,3,3,3,3,3,3,3,3,3,3,3,3,3,3,3,3,3,3,3,3,3,3,3,3,3,3,3,3,3,3,3,3,3,3,3,3,3,3,3,3,3,3,3,3,3,3,3,3,3,3,3,3,3,3,3,3,3,3,3,3,3,3,3,3,3,3,3,3,3,3,3,3,3,3,3,3,3,3,3,3,3,3,3,3,3,3,3,3,3,3,3,3,3,3,3,3,3,3,3,3,3,3,3,3,3,3,3,3,3,3,3,3,3,3,3,3,3,3,3,3,3,3,3,3,3,3,3,3,3,3,3,3,3,3,3,3,3,3,3,3,3,3,3,3,3,3,3,3,3,3,3,3,3,3,3,3,3,3,3,3,3,3,3,3,3,3,3,3,3,3,3,3,3,3,3,3,3,3,3,3,3,3,3,3,3,3,3,3,3,3,3,3,3,3,3,3,3,3,3,3,3,3,3,3,3,3,3,3,3,3,3,3,3,3,3,3,3,3,3,3,3,3,3,3,3,3,3,3,3,3,3,3,3,3,3,3,3,3,3,3,3,3,3,3,3,3,3,3,3,3,3,3,3,3,3,3,3,3,3,3,3,3,3,3,3,3,3,3,3,3,3,3,3,3,3,3,3,3,3,3,3,3,3,3,3,3,3,3,3,3,3,3,3,3,3,3,3,3,3,3,3,3,3,3,3,3,3,3,3,3,3,3,3,3,3,3,3,3,3,3,3,3,3,3,3,3,3,3,3,3,3,3,3,3,3,3,3,3,3,3,3,3,3,3,3,3,3,3,3,3,3,3,3,3,3,3,3,3,3,3,3,3,3,3,3,3,3,3,3,3,3,3,3,3,3,3,3,3,3,3,3,3,3,3,3,3,3,3,3,3,3,3,3,3,3,3,3,3,3,3,3,3,3,3,3,3,3,3,3,3,3,3,3,3,3,3,3,3,3,3,3,3,3,3,3,3,3,3,3,3,3,3,3,3,3,3,3,3,3,3,3,3,3,3,3,3,3,3,3,3,3,3,3,3,3,3,3,3,3,3,3,3,3,3,3,3,3,3,3,3,3,3,3,3,3,3,3,3,3,3,3,3,3,3,3,3,3,3,3,3,3,3,3,3,3,3,3,3,3,3,3,3,3,3,3,3,3,3,3,3,3,3,3,3,3,3,3,3,3,3,3,3,3,3,3,3,3,3,3,3,3,3,3,3,3,3,3,3,3,3,3,3,3,3,3,3,3,3,3,3,3,3,3,3,3,3,3,3,3,3,3,3,3,3,3,3,3,3,3,3,3,3,3,3,3,3,3,3,3,3,3,3,3,3,3,3,3,3,3,3,3,3,3,3,3,3,3,3,3,3,3,3,3,3,3,3,3,3,3,3,3,3,3,3,3,3,3,3,3,3,3,3,3,3,3,3,3,3,3,3,3,3,3,3,3,3,3,3,3,3,3,3,3,3,3,3,3,3,3,3,3,3,3,3,3,3,3,3,3,3,3,3,3,3,3,3
2,4,4,4,5,1,4,4,4,5,3,4,4,5,3,3,4,4,5,1,4,4,5,0,0,2,2,8,8,0,4,5,0,2,4,4,4,5,1,1,1,2,2,4,4,4,5,1,1,1,1,4,4,4,5,3,4,4,5,0,0,0,0,0,3,3,8,8,1,1,3,4,4,5,1,4,5,2,4,4,5,1,1,4,4,5,1,4,4,5,0,0,0,0,0,0,8,8,1,3,3,3,4,5,3,4,5,3,4,5,0,0,4,4,4,5,2,4,4,5,1,2,2,2,2,8,8,1,1,1,1,2,4,4,5,1,4,4,5,1,1,4,4,5,1,3,4,4,5,3,3,4,4,4,5,0,0,3,3,3,8,8,8,8,8,8,8,8,8,8,0,0,0,0,0,0,2,2,2,2,2,8,8,1,1,3,3,3,4,5,3,4,5,1,4,5,2,2,2,2,2,2,2,2,2,2,2,2,2,2,2,2,2,2,2,2,2,2,2,2,2,2,2,2,2,2,2,2,2,2,2,2,2,2,2,2,2,2,2,2,2,2,2,2,2,2,2,2,2,2,2,2,2,2,2,2,2,2,2,2,2,2,2,2,2,2,2,2,2,2,2,2,2,2,2,2,2,2,2,2,2,2,2,2,2,2,2,2,2,2,2,2,2,2,2,2,2,2,2,2,2,2,2,2,2,2,2,2,2,2,2,2,2,2,2,2,2,2,2,2,2,2,2,2,2,2,2,2,2,2,2,2,2,2,2,2,2,2,2,2,2,2,2,2,2,2,2,2,2,2,2,2,2,2,2,2,2,2,2,2,2,2,2,2,2,2,2,2,2,2,2,2,2,2,2,2,2,2,2,2,2,2,2,2,2,2,2,2,2,2,2,2,2,2,2,2,2,2,2,2,2,2,2,2,2,2,2,2,2,2,2,2,2,2,2,2,2,2,2,2,2,2,2,2,2,2,2,2,2,2,2,2,2,2,2,2,2,2,2,2,2,2,2,2,2,2,2,2,2,2,2,2,2,2,2,2,2,2,2,2,2,2,2,2,2,2,2,2,2,2,2,2,2,2,2,2,2,2,2,2,2,2,2,2,2,2,2,2,2,2,2,2,2,2,2,2,2,2,2,2,2,2,2,2,2,2,2,2,2,2,2,2,2,2,2,2,2,2,2,2,2,2,2,2,2,2,2,2,2,2,2,2,2,2,2,2,2,2,2,2,2,2,2,2,2,2,2,2,2,2,2,2,2,2,2,2,2,2,2,2,2,2,2,2,2,2,2,2,2,2,2,2,2,2,2,2,2,2,2,2,2,2,2,2,2,2,2,2,2,2,2,2,2,2,2,2,2,2,2,2,2,2,2,2,2,2,2,2,2,2,2,2,2,2,2,2,2,2,2,2,2,2,2,2,2,2,2,2,2,2,2,2,2,2,2,2,2,2,2,2,2,2,2,2,2,2,2,2,2,2,2,2,2,2,2,2,2,2,2,2,2,2,2,2,2,2,2,2,2,2,2,2,2,2,2,2,2,2,2,2,2,2,2,2,2,2,2,2,2,2,2,2,2,2,2,2,2,2,2,2,2,2,2,2,2,2,2,2,2,2,2,2,2,2,2,2,2,2,2,2,2,2,2,2,2,2,2,2,2,2,2,2,2,2,2,2,2,2,2,2,2,2,2,2,2,2,2,2,2,2,2,2,2,2,2,2,2,2,2,2,2,2,2,2,2,2,2,2,2,2,2,2,2,2,2,2,2,2,2,2,2,2,2,2,2,2,2,2,2,2,2,2,2,2,2,2,2,2,2,2,2,2,2,2,2,2,2,2,2,2,2,2,2,2,2,2,2,2,2,2,2,2,2,2,2,2,2,2,2,2,2,2,2,2,2,2,2,2,2,2,2,2,2,2,2,2,2,2,2,2,2,2,2,2,2,2,2,2,2,2,2,2,2,2,2,2,2,2,2,2,2,2,2,2,2,2,2,2,2,2,2,2,2,2,2,2,2,2,2,2,2,2,2,2,2,2,2,2,2,2,2,2,2,2,2,2,2,2,2,2,2,2,2,2,2,2,2,2,2,2,2,2,2,2,2,2,2,2,2,2,2,2,2,2,2,2,2,2,2,2,2,2,2,2,2,2,2,2,2,2,2,2,2,2,2,2,2,2,2,2,2,2,2,2,2,2,2,2,2,2,2,2,2,2,2,2,2,2,2,2,2,2,2,2,2,2,2,2,2,2,2,2,2,2,2,2,2,2,2,2
"""

You are playing: B
You lost this match
Your game win count:       11
Opponent game win count:   19
Put the 4 lines between the """ characters in a file to watch a replay
You are the blue player in the closest scoring round replay from this match:
"""
24
1615187043081
0,0,0,4,4,4,5,3,3,1,1,4,4,4,5,2,2,2,4,4,5,2,1,4,4,5,2,2,2,2,1,4,4,4,5,3,3,3,3,3,3,0,2,2,2,2,1,4,5,2,4,5,1,4,5,1,4,5,2,4,5,3,3,3,3,3,3,0,0,0,2,2,1,4,4,5,2,4,4,5,1,4,5,2,4,5,1,4,5,3,3,3,3,0,0,0,3,3,3,1,1,4,4,4,5,1,1,4,4,4,5,3,4,4,4,5,3,4,4,4,5,2,1,1,4,4,4,5,2,2,2,2,0,0,2,2,2,2,2,1,1,8,8,8,8,8,8,8,8,8,3,3,3,3,3,0,0,0,0,0,0,3,1,1,4,4,5,1,1,4,4,5,2,2,4,5,2,4,5,0,4,5,3,3,0,0,0,3,3,3,1,1,1,1,1,1,4,4,4,5,3,1,1,4,4,4,5,2,1,1,4,4,4,5,1,4,4,4,5,2,2,0,0,0,4,4,5,2,0,0,0,0,0,0,0,0,2,2,2,1,1,1,4,5,2,1,4,5,3,3,1,4,5,2,1,1,1,4,5,2,4,5,2,2,2,2,2,3,3,3,0,8,8,8,8,8,8,8,8,8,2,2,2,2,2,2,1,1,1,1,1,3,0,0,4,4,5,0,4,4,5,3,4,4,5,1,4,4,5,1,4,4,5,2,2,1,3,1,1,1,4,4,4,5,3,1,4,4,4,5,3,4,4,4,5,3,4,4,4,5,3,4,4,4,5,2,2,2,2,2,0,0,0,0,3,4,4,5,3,3,0,0,4,4,5,0,4,5,0,4,4,5,2,4,5,2,2,1,1,1,1,2,0,0,0,4,4,5,2,0,4,4,5,0,0,4,4,5,2,4,4,4,5,0,4,4,5,3,3,3,1,1,1,1,1,3,3,3,3,3,3,0,0,0,0,0,0,0,0,0,0,0,0,0,0,0,0,0,0,0,0,0,0,0,0,0,0,0,0,0,0,0,0,0,0,0,0,0,0,0,0,0,0,0,0,0,0,0,0,0,0,0,0,0,0,0,0,0,0,0,0,0,0,0,0,0,0,0,0,0,0,0,0,0,0,0,0,0,0,0,0,0,0,0,0,0,0,0,0,0,0,0,0,0,0,0,0,0,0,0,0,0,0,0,0,0,0,0,0,0,0,0,0,0,0,0,0,0,0,0,0,0,0,0,0,0,0,0,0,0,0,0,0,0,0,0,0,0,0,0,0,0,0,0,0,0,0,0,0,0,0,0,0,0,0,0,0,0,0,0,0,0,0,0,0,0,0,0,0,0,0,0,0,0,0,0,0,0,0,0,0,0,0,0,0,0,0,0,0,0,0,0,0,0,0,0,0,0,0,0,0,0,0,0,0,0,0,0,0,0,0,0,0,0,0,0,0,0,0,0,0,0,0,0,0,0,0,0,0,0,0,0,0,0,0,0,0,0,0,0,0,0,0,0,0,0,0,0,0,0,0,0,0,0,0,0,0,0,0,0,0,0,0,0,0,0,0,0,0,0,0,0,0,0,0,0,0,0,0,0,0,0,0,0,0,0,0,0,0,0,0,0,0,0,0,0,0,0,0,0,0,0,0,0,0,0,0,0,0,0,0,0,0,0,0,0,0,0,0,0,0,0,0,0,0,0,0,0,0,0,0,0,0,0,0,0,0,0,0,0,0,0,0,0,0,0,0,0,0,0,0,0,0,0,0,0,0,0,0,0,0,0,0,0,0,0,0,0,0,0,0,0,0,0,0,0,0,0,0,0,0,0,0,0,0,0,0,0,0,0,0,0,0,0,0,0,0,0,0,0,0,0,0,0,0,0,0,0,0,0,0,0,0,0,0,0,0,0,0,0,0,0,0,0,0,0,0,0,0,0,0,0,0,0,0,0,0,0,0,0,0,0,0,0,0,0,0,0,0,0,0,0,0,0,0,0,0,0,0,0,0,0,0,0,0,0,0,0,0,0,0,0,0,0,0,0,0,0,0,0,0,0,0,0,0,0,0,0,0,0,0,0,0,0,0,0,0,0,0,0,0,0,0,0,0,0,0,0,0,0,0,0,0,0,0,0,0,0,0,0,0,0,0,0,0,0,0,0,0,0,0,0,0,0,0,0,0,0,0,0,0,0,0,0,0,0,0,0,0,0,0,0,0,0,0,0,0,0,0,0,0,0,0,0,0,0,0,0,0,0,0,0,0,0,0,0,0,0,0,0
1,4,4,5,3,4,4,5,3,4,4,5,0,4,4,5,3,4,4,5,2,2,2,0,3,0,4,4,4,5,3,0,4,4,4,5,0,4,4,4,5,2,4,4,4,5,3,3,3,3,1,4,4,5,2,2,2,2,2,1,1,1,0,1,1,1,4,4,5,1,4,4,5,1,4,4,5,1,4,4,5,3,4,5,2,0,0,0,0,0,0,3,3,3,3,0,4,4,5,3,3,4,4,5,0,4,4,5,3,0,4,4,4,5,3,4,4,4,5,2,2,2,2,2,2,2,2,1,1,1,1,0,3,3,3,3,3,3,1,1,1,1,1,1,1,8,8,8,8,8,8,8,8,8,3,3,3,4,5,3,4,5,3,4,5,3,4,4,5,3,3,4,4,5,2,2,1,1,1,1,1,1,0,4,4,5,1,1,4,4,4,5,1,4,4,4,5,3,4,4,4,5,2,1,4,4,4,5,0,0,0,0,2,0,4,4,4,5,0,0,4,4,5,0,4,5,3,3,4,4,5,2,2,0,0,4,5,3,1,1,1,1,1,1,1,0,3,3,1,4,4,5,2,2,2,2,2,1,4,4,4,5,1,4,4,5,1,1,4,4,4,5,2,2,0,0,0,0,0,0,0,0,0,8,8,8,8,8,8,8,8,1,1,4,5,3,3,3,3,3,1,1,1,0,2,2,2,4,4,5,0,4,5,0,4,5,3,4,4,5,2,2,4,5,3,3,3,3,1,1,1,0,2,2,2,2,4,4,5,0,4,5,2,4,5,2,4,5,1,4,4,4,5,3,3,3,3,3,3,1,0,2,2,2,2,2,2,1,4,4,5,1,1,4,4,5,3,4,4,5,1,1,4,4,4,5,2,4,4,4,5,3,3,3,3,3,3,0,0,0,0,0,2,2,2,2,2,0,0,0,0,8,8,8,8,8,8,8,8,8,2,1,1,1,1,1,1,1,1,1,1,1,1,1,1,1,1,1,1,1,1,1,1,1,1,1,1,1,1,1,1,1,1,1,1,1,1,1,1,1,1,1,1,1,1,1,1,1,1,1,1,1,1,1,1,1,1,1,1,1,1,1,1,1,1,1,1,1,1,1,1,1,1,1,1,1,1,1,1,1,1,1,1,1,1,1,1,1,1,1,1,1,1,1,1,1,1,1,1,1,1,1,1,1,1,1,1,1,1,1,1,1,1,1,1,1,1,1,1,1,1,1,1,1,1,1,1,1,1,1,1,1,1,1,1,1,1,1,1,1,1,1,1,1,1,1,1,1,1,1,1,1,1,1,1,1,1,1,1,1,1,1,1,1,1,1,1,1,1,1,1,1,1,1,1,1,1,1,1,1,1,1,1,1,1,1,1,1,1,1,1,1,1,1,1,1,1,1,1,1,1,1,1,1,1,1,1,1,1,1,1,1,1,1,1,1,1,1,1,1,1,1,1,1,1,1,1,1,1,1,1,1,1,1,1,1,1,1,1,1,1,1,1,1,1,1,1,1,1,1,1,1,1,1,1,1,1,1,1,1,1,1,1,1,1,1,1,1,1,1,1,1,1,1,1,1,1,1,1,1,1,1,1,1,1,1,1,1,1,1,1,1,1,1,1,1,1,1,1,1,1,1,1,1,1,1,1,1,1,1,1,1,1,1,1,1,1,1,1,1,1,1,1,1,1,1,1,1,1,1,1,1,1,1,1,1,1,1,1,1,1,1,1,1,1,1,1,1,1,1,1,1,1,1,1,1,1,1,1,1,1,1,1,1,1,1,1,1,1,1,1,1,1,1,1,1,1,1,1,1,1,1,1,1,1,1,1,1,1,1,1,1,1,1,1,1,1,1,1,1,1,1,1,1,1,1,1,1,1,1,1,1,1,1,1,1,1,1,1,1,1,1,1,1,1,1,1,1,1,1,1,1,1,1,1,1,1,1,1,1,1,1,1,1,1,1,1,1,1,1,1,1,1,1,1,1,1,1,1,1,1,1,1,1,1,1,1,1,1,1,1,1,1,1,1,1,1,1,1,1,1,1,1,1,1,1,1,1,1,1,1,1,1,1,1,1,1,1,1,1,1,1,1,1,1,1,1,1,1,1,1,1,1,1,1,1,1,1,1,1,1,1,1,1,1,1,1,1,1,1,1,1,1,1,1,1,1,1,1,1,1,1,1,1,1,1,1,1,1,1,1,1,1,1,1,1,1,1,1,1,1,1,1,1,1,1,1,1,1,1,1,1,1,1,1,1,1,1,1,1
"""

You are playing: My Strategy
You lost this match
Your game win count:       14
Opponent game win count:   16
Put the 4 lines between the """ characters in a file to watch a replay
You are the blue player in the closest scoring round replay from this match:
"""
24
1615187134281
3,3,4,4,4,5,0,4,4,4,5,2,0,4,4,4,5,2,2,2,4,4,4,5,1,4,4,5,3,3,1,1,1,4,4,5,2,4,4,5,2,4,4,5,0,4,4,5,2,4,4,5,3,3,3,0,3,3,3,1,4,4,5,3,1,1,4,4,4,5,2,1,4,4,4,5,1,1,4,4,5,3,4,4,4,5,2,2,2,2,0,0,0,0,0,0,3,1,1,1,4,4,5,1,1,4,4,5,3,4,4,5,1,1,4,4,5,3,4,4,4,5,2,2,2,0,0,0,0,0,0,0,2,2,2,2,4,4,5,2,4,4,5,0,4,4,5,2,4,4,5,0,1,1,1,1,1,1,1,1,8,8,8,8,8,8,8,8,8,0,0,0,4,5,3,3,3,3,3,3,0,0,0,2,2,0,0,0,4,4,4,5,2,4,4,4,5,2,4,4,4,5,2,0,4,4,4,5,2,4,4,5,3,3,3,3,3,3,1,1,1,1,2,2,1,1,1,1,4,5,1,4,5,2,4,5,0,4,5,0,4,5,3,3,3,0,0,0,2,2,2,2,1,1,4,5,1,4,5,1,4,5,2,0,4,4,4,5,2,2,0,4,5,3,3,3,3,3,3,3,0,0,2,2,2,2,2,1,1,1,1,1,1,1,1,1,8,8,8,8,8,8,8,8,8,1,1,1,4,5,3,4,5,2,1,2,1,4,5,1,4,5,1,1,4,4,5,2,2,2,2,2,2,0,3,4,4,5,0,4,4,5,3,3,3,4,5,0,0,4,5,2,4,5,2,2,2,1,1,1,1,4,4,4,5,2,1,4,4,4,5,0,0,4,4,4,5,0,0,4,4,5,3,0,4,4,5,1,1,1,3,3,3,4,5,0,0,4,5,0,0,0,0,4,5,0,4,5,0,4,5,2,2,2,1,1,1,1,1,1,1,1,2,2,2,3,3,3,3,3,3,3,3,3,0,0,0,0,0,0,0,0,0,0,8,8,8,8,8,8,8,8,8,2,2,2,2,2,0,4,4,5,0,4,5,0,4,4,5,2,2,4,4,5,2,1,4,4,5,3,3,1,1,1,1,1,1,1
1,4,4,5,2,4,4,5,1,4,4,5,3,3,4,4,5,3,4,5,2,2,0,0,0,2,1,4,4,5,0,0,4,4,4,5,2,1,1,1,4,4,4,5,2,4,4,4,5,0,4,4,4,5,3,3,3,0,3,3,1,4,5,3,3,3,4,4,5,1,4,5,3,4,5,1,4,5,2,2,2,2,2,2,0,0,0,3,1,1,1,1,4,4,5,3,4,5,3,4,5,3,4,5,3,4,4,4,5,2,2,2,2,2,0,0,0,0,3,3,3,3,3,3,1,1,1,1,1,1,1,8,8,8,8,8,8,8,8,8,3,3,3,4,5,3,4,5,3,4,5,3,4,4,5,2,1,4,4,4,5,3,1,1,1,1,1,0,4,4,5,3,3,4,4,4,5,1,1,4,4,4,5,1,4,4,4,5,2,2,4,5,0,0,0,1,1,4,4,5,2,0,4,4,5,2,4,4,5,0,4,4,5,3,0,4,4,5,3,1,1,0,3,0,0,4,4,5,3,4,4,5,0,4,4,5,3,3,3,0,0,4,5,2,2,2,2,2,2,2,1,4,5,3,3,1,1,1,1,1,0,2,2,2,2,2,0,0,0,0,8,8,8,8,8,8,8,8,3,3,4,5,1,4,5,3,1,4,5,2,1,4,5,2,4,4,5,3,3,3,3,1,1,0,2,2,2,2,4,5,2,4,5,0,4,5,2,2,2,2,2,2,4,5,0,4,5,3,3,3,3,3,3,3,1,1,1,0,2,2,2,1,1,4,4,5,1,4,4,5,2,1,4,5,1,1,4,5,3,3,3,0,4,4,4,5,3,0,0,0,0,0,2,2,2,2,2,0,0,0,0,8,8,8,8,8,8,8,2,2,2,2,4,5,1,4,5,2,4,5,2,4,5,0,4,5,2,0,0,0,0,0,0,0,0,3,3,3,3,1,1,4,5,1,4,5,2,2,1,1,4,4,5,1,4,5,1,4,4,5,2,2,0,0,0,0,0,0,0,3,3,3,0,0,0,4,4,4,5,3,3,4,4,4,5,1,4,4,5,0,0,4,4,4,5,2,4,4,5,2,2,2,2,1,1,1,1,1
"""

You are playing: Beta Went
You lost this match
Your game win count:       13
Opponent game win count:   17
Put the 4 lines between the """ characters in a file to watch a replay
You are the blue player in the closest scoring round replay from this match:
"""
24
1615187255874
2,4,4,5,1,1,4,4,4,5,1,4,4,5,1,4,5,2,4,5,3,3,0,0,0,0,3,3,3,4,4,4,5,2,1,1,4,4,4,5,1,4,5,3,3,4,4,4,5,1,1,4,4,4,5,2,2,4,4,2,2,0,0,0,0,0,3,1,1,4,4,4,5,2,2,2,4,4,5,1,4,5,2,4,5,2,4,5,3,3,3,3,0,0,0,2,2,2,2,2,4,4,5,1,4,5,1,4,5,1,4,5,1,1,1,8,8,8,8,8,8,3,3,3,4,5,3,3,4,4,0,0,0,0,0,0,2,0,0,4,4,4,5,0,4,4,4,5,2,1,4,5,1,4,4,5,1,1,4,4,5,3,3,0,2,2,2,1,1,4,4,5,2,4,4,4,5,0,4,5,0,0,4,4,5,0,4,4,5,3,3,3,3,1,1,2,2,2,2,2,1,1,1,1,1,1,8,8,8,8,8,3,3,1,4,5,3,4,5,1,4,5,2,4,4,4,5,2,4,5,3,3,3,3,4,4,0,0,0,0,0,0,0,0,2,2,0,0,0,0,4,4,4,5,2,2,2,4,4,4,5,1,4,4,5,2,4,5,0,4,4,4,5,3,3,3,3,3,3,1,1,1,1,2,2,2,2,2,1,1,1,1,1,1,8,8,8,8,8,8,3,0,0,4,4,5,3,4,5,2,2,2,0,4,5,2,4,5,2,1,4,5,3,3,3,3,3,3,3,3,0,0,0,0,2,2,2,2,2,2,4,4,5,1,4,5,0,0,4,4,5,2,0,0,4,4,5,2,4,4,4,5,3,3,3,3,3,3,3,3,1,1,1,2,2,2,2,2,1,1,1,1,1,1,8,8,8,8,8,8,2,2,2,2,4,4,5,1,4,5,1,4,5,1,4,4,5,1,4,5,2,2,2,1,1,3,4,4,5,3,4,4,5,1,4,4,5,1,4,4,4,5,3,4,4,5,2,2,2,0,0
1,1,4,4,5,2,4,4,5,1,1,4,4,5,2,2,4,4,4,5,0,4,4,4,5,3,3,3,0,0,0,0,0,4,4,4,5,3,3,4,4,4,5,3,4,4,5,3,3,4,4,5,1,4,4,5,2,2,2,2,2,1,0,3,3,3,1,4,4,5,3,1,4,4,5,1,4,4,5,3,4,4,5,3,4,5,2,2,2,2,2,2,0,0,0,3,3,1,1,4,4,4,5,1,4,4,5,3,4,4,5,2,1,4,5,1,4,4,5,2,2,0,0,0,0,0,3,3,3,3,3,3,1,1,1,1,1,1,1,8,8,8,8,8,8,8,8,8,1,1,1,4,5,3,4,5,3,4,4,4,5,3,4,5,1,4,5,3,3,3,1,1,0,3,4,4,4,5,3,3,4,4,4,5,0,4,4,4,5,3,4,4,4,5,0,0,4,4,4,5,2,2,2,2,1,1,1,1,0,2,1,4,4,4,5,2,4,4,5,1,4,5,1,4,4,4,5,0,0,0,4,4,5,3,3,1,0,3,3,1,4,4,4,5,3,0,0,0,4,4,4,5,0,0,0,4,4,4,5,3,3,1,4,4,4,5,2,2,2,2,2,2,0,2,2,2,2,8,8,8,8,8,8,8,3,3,0,4,5,3,3,3,1,1,1,1,1,1,1,0,2,0,0,4,4,5,0,0,0,4,5,2,2,1,1,1,1,1,4,4,5,2,4,4,5,0,4,5,3,3,3,3,1,1,0,2,2,2,2,2,0,4,5,2,4,5,1,4,4,5,2,4,5,0,4,5,3,3,3,3,3,3,3,1,1,0,2,2,2,2,2,0,0,0,0,8,8,8,8,8,8,8,8,2,2,1,1,4,5,2,4,5,1,4,5,1,4,5,2,1,4,4,5,3,3,3,3,3,3,3,3,3,0,2,2,2,2,2,1,1,1,4,4,5,2,4,4,5,1,4,4,4,5,1,4,4,4,5,3,1,4
"""

You are playing: Nick
You won this match
Your game win count:       23
Opponent game win count:    7
Put the 4 lines between the """ characters in a file to watch a replay
You are the blue player in the closest scoring round replay from this match:
"""
20
1615187360573
3,3,4,4,4,5,1,4,4,4,5,3,4,4,4,5,1,4,4,4,5,1,4,4,4,5,2,2,2,0,0,0,1,4,4,5,1,1,4,4,5,2,4,4,5,2,4,5,0,4,4,5,3,3,0,0,3,0,4,4,4,5,3,3,1,1,1,1,1,4,4,4,5,1,4,4,4,5,1,1,1,4,4,4,5,2,4,5,2,2,0,0,0,0,0,0,0,0,2,0,4,4,5,2,1,4,4,5,2,2,0,0,4,4,5,0,4,4,4,5,2,4,4,4,5,3,3,3,3,3,1,1,1,2,1,1,1,2,2,2,1,1,8,8,8,8,8,8,8,8,8,2,1,1,1,4,4,4,5,3,4,5,3,4,5,3,4,5,3,3,3,3,3,3,3,3,3,3,3,3,3,3,3,3,3,3,3,3,3,3,3,3,3,3,3,3,3,3,3,3,3,3,3,3,3,3,3,3,3,3,3,3,3,3,3,3,3,3,3,3,3,3,3,3,3,3,3,3,3,3,3,3,3,3,3,3,3,3,3,3,3,3,3,3,3,3,3,3,3,3,3,3,3,3,3,3,3,3,3,3,3,3,3,3,3,3,3,3,3,3,3,3,3,3,3,3,3,3,3,3,3,3,3,3,3,3,3,3,3,3,3,3,3,3,3,3,3,3,3,3,3,3,3,3,3,3,3,3,3,3,3,3,3,3,3,3,3,3,3,3,3,3,3,3,3,3,3,3,3,3,3,3,3,3,3,3,3,3,3,3,3,3,3,3,3,3,3,3,3,3,3,3,3,3,3,3,3,3,3,3,3,3,3,3,3,3,3,3,3,3,3,3,3,3,3,3,3,3,3,3,3,3,3,3,3,3,3,3,3,3,3,3,3,3,3,3,3,3,3,3,3,3,3,3,3,3,3,3,3,3,3,3,3,3,3,3,3,3,3,3,3,3,3,3,3,3,3,3,3,3,3,3,3,3,3,3,3,3,3,3,3,3,3,3,3,3,3,3,3,3,3,3,3,3,3,3,3,3,3,3,3,3,3,3,3,3,3,3,3,3,3,3,3,3,3,3,3,3,3,3,3,3,3,3,3,3,3,3,3,3,3,3,3,3,3,3,3,3,3,3,3,3,3,3,3,3,3,3,3,3,3,3,3,3,3,3,3,3,3,3,3,3,3,3,3,3,3,3,3,3,3,3,3,3,3,3,3,3,3,3,3,3,3,3,3,3,3,3,3,3,3,3,3,3,3,3,3,3,3,3,3,3,3,3,3,3,3,3,3,3,3,3,3,3,3,3,3,3,3,3,3,3,3,3,3,3,3,3,3,3,3,3,3,3,3,3,3,3,3,3,3,3,3,3,3,3,3,3,3,3,3,3,3,3,3,3,3,3,3,3,3,3,3,3,3,3,3,3,3,3,3,3,3,3,3,3,3,3,3,3,3,3,3,3,3,3,3,3,3,3,3,3,3,3,3,3,3,3,3,3,3,3,3,3,3,3,3,3,3,3,3,3,3,3,3,3,3,3,3,3,3,3,3,3,3,3,3,3,3,3,3,3,3,3,3,3,3,3,3,3,3,3,3,3,3,3,3,3,3,3,3,3,3,3,3,3,3,3,3,3,3,3,3,3,3,3,3,3,3,3,3,3,3,3,3,3,3,3,3,3,3,3,3,3,3,3,3,3,3,3,3,3,3,3,3,3,3,3,3,3,3,3,3,3,3,3,3,3,3,3,3,3,3,3,3,3,3,3,3,3,3,3,3,3,3,3,3,3,3,3,3,3,3,3,3,3,3,3,3,3,3,3,3,3,3,3,3,3,3,3,3,3,3,3,3,3,3,3,3,3,3,3,3,3,3,3,3,3,3,3,3,3,3,3,3,3,3,3,3,3,3,3,3,3,3,3,3,3,3,3,3,3,3,3,3,3,3,3,3,3,3,3,3,3,3,3,3,3,3,3,3,3,3,3,3,3,3,3,3,3,3,3,3,3,3,3,3,3,3,3,3,3,3,3,3,3,3,3,3,3,3,3,3,3,3,3,3,3,3,3,3,3,3,3,3,3,3,3,3,3,3,3,3,3,3,3,3,3,3,3,3,3,3,3,3,3,3,3,3,3,3,3,3,3,3,3,3,3,3,3,3,3,3,3,3,3,3,3,3,3,3,3,3,3,3,3,3,3,3,3,3,3,3,3,3,3,3,3,3,3,3,3,3,3,3,3,3,3,3,3,3,3,3,3,3,3,3,3,3,3
0,4,4,4,5,3,3,4,4,5,1,1,4,4,4,5,3,4,4,5,3,4,5,2,2,2,2,0,0,3,3,3,3,3,4,4,5,3,4,4,5,1,4,4,5,1,4,5,3,4,5,2,2,2,2,2,2,2,0,0,3,3,3,3,1,4,4,5,3,1,4,4,5,1,4,4,4,5,2,4,5,1,4,5,2,2,2,2,0,0,0,0,3,3,1,1,1,4,5,3,4,5,1,4,5,1,4,5,2,4,5,2,2,0,0,0,0,0,3,3,3,3,3,1,1,1,1,1,1,8,8,8,8,8,8,8,8,8,3,3,3,4,5,3,4,5,1,4,5,3,4,4,5,1,4,4,5,1,1,1,0,2,0,4,4,4,5,2,2,2,2,2,2,2,2,2,2,2,2,2,2,2,2,2,2,2,2,2,2,2,2,2,2,2,2,2,2,2,2,2,2,2,2,2,2,2,2,2,2,2,2,2,2,2,2,2,2,2,2,2,2,2,2,2,2,2,2,2,2,2,2,2,2,2,2,2,2,2,2,2,2,2,2,2,2,2,2,2,2,2,2,2,2,2,2,2,2,2,2,2,2,2,2,2,2,2,2,2,2,2,2,2,2,2,2,2,2,2,2,2,2,2,2,2,2,2,2,2,2,2,2,2,2,2,2,2,2,2,2,2,2,2,2,2,2,2,2,2,2,2,2,2,2,2,2,2,2,2,2,2,2,2,2,2,2,2,2,2,2,2,2,2,2,2,2,2,2,2,2,2,2,2,2,2,2,2,2,2,2,2,2,2,2,2,2,2,2,2,2,2,2,2,2,2,2,2,2,2,2,2,2,2,2,2,2,2,2,2,2,2,2,2,2,2,2,2,2,2,2,2,2,2,2,2,2,2,2,2,2,2,2,2,2,2,2,2,2,2,2,2,2,2,2,2,2,2,2,2,2,2,2,2,2,2,2,2,2,2,2,2,2,2,2,2,2,2,2,2,2,2,2,2,2,2,2,2,2,2,2,2,2,2,2,2,2,2,2,2,2,2,2,2,2,2,2,2,2,2,2,2,2,2,2,2,2,2,2,2,2,2,2,2,2,2,2,2,2,2,2,2,2,2,2,2,2,2,2,2,2,2,2,2,2,2,2,2,2,2,2,2,2,2,2,2,2,2,2,2,2,2,2,2,2,2,2,2,2,2,2,2,2,2,2,2,2,2,2,2,2,2,2,2,2,2,2,2,2,2,2,2,2,2,2,2,2,2,2,2,2,2,2,2,2,2,2,2,2,2,2,2,2,2,2,2,2,2,2,2,2,2,2,2,2,2,2,2,2,2,2,2,2,2,2,2,2,2,2,2,2,2,2,2,2,2,2,2,2,2,2,2,2,2,2,2,2,2,2,2,2,2,2,2,2,2,2,2,2,2,2,2,2,2,2,2,2,2,2,2,2,2,2,2,2,2,2,2,2,2,2,2,2,2,2,2,2,2,2,2,2,2,2,2,2,2,2,2,2,2,2,2,2,2,2,2,2,2,2,2,2,2,2,2,2,2,2,2,2,2,2,2,2,2,2,2,2,2,2,2,2,2,2,2,2,2,2,2,2,2,2,2,2,2,2,2,2,2,2,2,2,2,2,2,2,2,2,2,2,2,2,2,2,2,2,2,2,2,2,2,2,2,2,2,2,2,2,2,2,2,2,2,2,2,2,2,2,2,2,2,2,2,2,2,2,2,2,2,2,2,2,2,2,2,2,2,2,2,2,2,2,2,2,2,2,2,2,2,2,2,2,2,2,2,2,2,2,2,2,2,2,2,2,2,2,2,2,2,2,2,2,2,2,2,2,2,2,2,2,2,2,2,2,2,2,2,2,2,2,2,2,2,2,2,2,2,2,2,2,2,2,2,2,2,2,2,2,2,2,2,2,2,2,2,2,2,2,2,2,2,2,2,2,2,2,2,2,2,2,2,2,2,2,2,2,2,2,2,2,2,2,2,2,2,2,2,2,2,2,2,2,2,2,2,2,2,2,2,2,2,2,2,2,2,2,2,2,2,2,2,2,2,2,2,2,2,2,2,2,2,2,2,2,2,2,2,2,2,2,2,2,2,2,2,2,2,2,2,2,2,2,2,2,2,2,2,2,2,2,2,2,2,2,2,2,2,2,2,2,2,2,2,2,2,2,2,2,2,2,2,2,2,2,2,2,2,2,2,2,2,2,2,2,2,2,2,2,2,2,2,2,2,2,2,2,2,2,2,2,2,2,2
"""

Your placement is: 45 / 133
Top 4 strategies:
tonyCaiJiBotV5 in place 3
Adyy in place 3
Confusion in place 2
MyStrategy in place 1
Congratulations to the winner: MyStrategy
